0195030652
0246075257
0246075145
0035203096
0246077197
0246069237
0246074335
0035202106
0246075925
0246075187
0246075215
0246069536
0246069104
0246074543
0246075904
0246076366
0246075993
0036485934
0246075007
0246075150
0246076686
0246075738
0130286670
0246071396
0246077155
0128057604
0246076324
0246068219
0246075241
0016122949
0130310707
0128054569
0082051383
0246077795
0178110589
0246075652
0246077706
0036501575
0246073866
0246075626
0246073796
0318003847
0246065430
0246077940
0246075535
0165071515
0117228783
0246076457
1312101959
0246077342
0246076569
0246070586
0246075033
0246074676
0246069396
0035198081
0246074975
0246075972
0246075262
0246069627
0246075075
0246068432
0246070913
0246072388
0246077977
0246073749
0246077727
0246076415
0246077160
0016110054
0246076665
0246077891
0119016484
0246075610
0036495750
0246075028
0135252765
0036470438
0246072692
0242042493
0246074912
0246077496
0246075192
0246074863
0246076121
0246075171
0082046771
0246075491
0128059773
0246074660
0246073551
0128058461
0246074522
0246074473
0130305250
0035210274
0246074655
0246074501
0246076831
0246077129